"","batch","individual_id","sex","age","Residuals"
"7896740",0,0.0132117231667633,4.66277512024421e-12,7.3195749227418e-05,0.986715081079346
"7896742",7.39174360104155e-12,0.214640776646764,1.41134401066061e-10,0.00315881202631281,0.782200411178397
"7896744",0,0.224026367428751,4.38586373970133e-12,0.0042028275671519,0.771770804999711
"7896754",0,0,0,0.00251648399399264,0.997483516006007
"7896756",1.27081186901101e-10,0.31702750670472,0.0146718334807828,6.38830815618322e-05,0.668236776605854
"7896759",1.29149277272563e-09,0.0552452877855181,3.18189919950189e-09,0.00489867103592735,0.939856036705163
"7896761",0,0.0241740137151186,9.22544043394001e-13,0.00656355586065873,0.9692624304233
"7896779",0,0.0157496679165988,3.62129471191489e-13,0.00927035511777676,0.974979976965262
"7896798",0,0,0,0.0104128748265935,0.989587125173406
"7896817",0,0.0624503774838618,0.00188344180051779,0.0100133518897892,0.925652828825831
"7896822",1.02624745022741e-11,0.27745248104352,7.97469660934397e-11,0.00646577164058196,0.716081747225889
"7896859",0,0.160011889082502,0,0.0044758897153546,0.835512221202143
"7896861",1.92511459838388e-12,0,0.0743239482749265,0.0082890728143232,0.917386978908825
"7896863",0,0,0,0.0093933078768906,0.990606692123109
"7896865",9.2708949331683e-12,0.0807830235698915,1.12184226496572e-10,0.010377515543826,0.908839460764827
"7896878",0,0,0,0.00123222928307988,0.99876777071692
"7896882",0,7.76934947997647e-15,0,0.0146575829196974,0.985342417080295
"7896908",0,0,0,0.00252192869403798,0.997478071305962
"7896917",0,0,0,0.0103130689955816,0.989686931004419
"7896921",9.62277699948781e-11,0.0368198577740074,0,0.00325258073757573,0.959927561392189
"7896929",0,0,0,0.00681048175954456,0.993189518240456
"7896937",4.73048219923165e-11,0.236442365198682,1.40186635872756e-11,0.00242018087180608,0.761137453868188
"7896952",0,0.177125861425071,0,0.000740778229875989,0.822133360345053
"7896961",7.93922194016788e-17,0.2028677809442,0,0.000604792704063633,0.796527426351736
"7896983",0,0.288464875957865,0,0.00289799110810529,0.70863713293403
"7896985",0,0.119112016382071,0.00380716661010294,0.00885617875048311,0.868224638257343
"7897006",0,0,0,0.00638208913892432,0.993617910861076
"7897026",0,0,0,0.0121469588797489,0.987853041120251
"7897034",1.70959796421489e-19,0.297252059042858,0,0.00875151837559111,0.693996422581551
"7897044",0,0.0925801094511167,1.79039357682015e-16,0.00474129669665171,0.902678593852231
"7897066",0,0,0,0.00269642908234768,0.997303570917652
"7897068",0,0.205847216520845,3.01444058419107e-13,0.0681295773745292,0.726023206104324
"7897078",8.67611957907133e-11,0.0319183152998127,0,6.39468950023128e-05,0.968017737718424
"7897089",5.41702413161366e-11,0.0839431025802497,3.71203945020795e-11,0.0109063993192223,0.905150498009237
"7897119",0,0,0,0.00996237714477451,0.990037622855225
"7897128",0,0,0,0.011367655433075,0.988632344566925
"7897132",1.10851048929249e-18,0,0,0.0130901267003921,0.986909873299608
"7897154",0,0,0,0.00390685829159791,0.996093141708402
"7897172",0,0.113274914033953,1.18393825215679e-13,0.00596484083089555,0.880760245135033
"7897179",0,0,0,0.00400356695984514,0.995996433040155
"7897196",1.3985586073761e-11,0.0640692856630584,0.00532743597332765,0.00104626447048168,0.929557013879147
"7897210",5.32103204940839e-16,0,0.00585648356246745,0.000127604911270229,0.994015911526262
"7897227",1.92687233955217e-10,0.140027178516849,1.62159723500928e-11,0.0131840972725125,0.846788724001735
"7897236",0,0.23410970869665,0.00349329352963781,0.00382902719917527,0.758567970574537
"7897257",0,2.2650520392768e-09,0.00310718747763222,0.00314617314277963,0.993746637114536
"7897263",0,0.0856632020549543,1.6945734978079e-10,0.00984262426909912,0.904494173506489
"7897277",0,0,0,0.00100897548529077,0.998991024514709
"7897280",0,0,0,0.00200224154194646,0.997997758458053
"7897286",0,0.248583013249833,1.05255185283034e-11,0.00885390830228857,0.742563078437353
"7897288",1.71082667446682e-13,0.0207857305816388,0.0131575670963657,0.000370181515669304,0.965686520806155
"7897295",0,0,0,0.0115937282832403,0.98840627171676
"7897305",0,0.240203436766533,0,0.00345721854992295,0.756339344683544
"7897322",0,0,0,0.00422323113686475,0.995776768863135
"7897329",0,0,0,0.0125049237472029,0.987495076252797
"7897339",8.92316079268275e-12,1.53117908642449e-09,0.0145027994399845,0.000180612857135063,0.985316586162778
"7897370",2.94077458435007e-10,0.171412884638803,0.00925907016477418,0.0070955659974256,0.81223247890492
"7897378",2.74970975361284e-14,0.409353950711197,0.0757748127630832,0.123728969249585,0.391142267276107
"7897404",1.94393258510305e-11,0.0349988887815935,0.00809659762589156,0.00639420549436525,0.95051030807871
"7897416",0,0,0,0.0028247603254509,0.997175239674549
"7897426",0,0,0,0.000532378656435907,0.999467621343564
"7897441",0,0.2160235829697,0.015067394031605,0.000986547750743337,0.767922475247951
"7897449",0,0.0880933867682185,0,0.02030545811958,0.891601155112202
"7897460",0,0,0,0.0045457089308851,0.995454291069115
"7897469",0,0.134555481843818,0,0.00340863458556617,0.862035883570616
"7897482",0,0.0978371530143717,0,0.000925764392743474,0.901237082592885
"7897509",0,0,0,0.000298448764176527,0.999701551235823
"7897522",0,0.107707260610528,0,0.0401810804604791,0.852111658928992
"7897527",0,0.115602694246024,0,0.010982959407226,0.87341434634675
"7897561",0,0.22887035214768,0.0018116896548536,0.0122290906906055,0.75708886750686
"7897620",0,0,0,0.00252961114428466,0.997470388855715
"7897632",0,0,0,0.00139896778122024,0.99860103221878
"7897648",0,0.00645311842084909,1.11285876385548e-12,0.00288492150516218,0.990661960072876
"7897663",0,7.46372691700253e-17,0,0.00849363842187821,0.991506361578122
"7897675",0,0.0630993538028806,0,0.00659492097744094,0.930305725219678
"7897685",1.41323259350051e-11,1.10753215988084e-08,0.00347308981422372,0.00306496276073776,0.993461936335585
"7897691",0,0,0,0.00405509097153737,0.995944909028463
"7897714",0,0.142986246172086,4.8715934044651e-17,0.0261905522667415,0.830823201561173
"7897728",4.45534683606452e-13,0.243305005934568,0,0.0051385863946825,0.751556407670304
"7897737",0,0,0,0.00983381238622212,0.990166187613778
"7897745",2.28326954215792e-11,0.157300781199108,0.00798732368777693,0.00845662947464625,0.826255265615636
"7897753",1.48477318421769e-11,0.134716063544114,0.00557547769434877,0.0151433743137321,0.844565084432957
"7897774",0,0.142625933684107,0,0.00124073787802344,0.85613332843787
"7897801",0,0.388185419540953,3.14071701913189e-10,0.000575261337608688,0.611239318807366
"7897803",3.04187305955399e-11,0.139681499031666,0.00349128761663778,0.0156795823520539,0.841147630969224
"7897824",0,0.254817907441291,0.0119443985385704,0.00465366668256204,0.728584027337577
"7897849",0,0.0819220551411433,1.20510707366204e-13,0.0158143756898293,0.902263569168907
"7897860",7.5277964128181e-11,0.0154208448635306,0,0.00576362025387974,0.978815534807312
"7897877",0,0.136332160490522,0,0.000426100556543388,0.863241738952935
"7897890",1.26195874021616e-09,0.0130493148810357,6.89878576588538e-10,0.00634925057811891,0.980601432589008
"7897953",1.77668206059914e-13,0.0393700000874306,0,0.00132308232946605,0.959306917582926
"7897955",0,0,0,7.73986542880249e-06,0.999992260134571
"7897960",7.84475403876003e-12,0.347547351752318,0,0.0110742589422095,0.641378389297627
"7897966",2.80429446029478e-11,0.237045395774422,5.23734027606512e-10,0.00449032170250709,0.758464281971294
"7897974",0,0,0,0.000238326078545209,0.999761673921455
"7897978",0,0.09728901452907,0,0.00116435470777752,0.901546630763152
"7897987",0,0,0,0.00128362242848542,0.998716377571515
"7897991",0,0.00860468816737086,2.53335275074349e-12,0.00442304867541582,0.98697226315468
"7897997",0,0.338974493964038,0,0.00778545310633585,0.653240052929626
"7898002",4.01495364164413e-11,0.269147779631336,0,0.00106959532840878,0.729782625000106
"7898007",0,0.114521886903988,2.39833594323641e-12,0.00745283506156627,0.878025278032047
"7898012",0,0.141787222626425,1.2147465788173e-11,0.00665732446541868,0.851555452896009
"7898020",0,0.275793647666596,0,0.00589360402302702,0.718312748310377
"7898026",1.95544114525967e-12,0.247875818844796,1.3684704031412e-11,0.00911518746896963,0.743008993670594
"7898030",0,0,0,0.000494855855538417,0.999505144144462
"7898048",2.732095919252e-08,0.367465223699817,2.53377743890518e-09,0.00885867633055937,0.623676070114887
"7898052",0,0,0,0.00172909104212525,0.998270908957875
"7898057",0,0,0,0.00762782769090327,0.992372172309097
"7898070",0,0,0,0.0045000654200237,0.995499934579976
"7898084",0,0,0,0.0117699731143796,0.98823002688562
"7898102",0,0,0,0.0187902859844471,0.981209714015553
"7898115",3.20822070880193e-13,0.6214313470485,0,0.00952162684013647,0.369047026111043
"7898124",0,0.0800144423215565,0.0030899385028094,0.00802976627064048,0.908865852904994
"7898161",1.24720189244788e-11,0.282259838521342,1.53014649624122e-10,0.00748651473414166,0.71025364657903
"7898167",0,0.00226756052997877,0.00295679889812064,0.025558211559998,0.969217429011903
"7898176",0,0,0,0.00535088272879026,0.99464911727121
"7898184",0,3.87615083822309e-15,0,0.00392549176944468,0.996074508230551
"7898192",1.63124505562788e-11,0.028874620127431,0,0.0172442805625216,0.953881099293735
"7898211",0,3.52368789077161e-09,0.00414071721470198,0.0227075762171912,0.973151703044419
"7898227",0,0.166159678908048,0,0.00352551712634773,0.830314803965604
"7898249",0,0,0,0.0070722811733996,0.9929277188266
"7898256",0,0,0,0.0011062997892886,0.998893700210711
"7898263",2.92666429819182e-15,0.0434857916324223,0,0.0173095487801538,0.939204659587421
"7898278",0,0,0,0.0050668673630044,0.994933132636996
"7898296",0,0.153766365084053,2.36804615413067e-10,0.00125515430944036,0.844978480369702
"7898300",0,0.0107021269354491,9.58075887931656e-13,0.0227696534073647,0.966528219656228
"7898314",5.13669189174372e-12,0.00918789659922183,4.74689362828268e-11,0.000134931879039588,0.990677171469133
"7898328",8.28447454386681e-13,0.198981814647844,0,2.07622195914874e-05,0.800997423131736
"7898337",0,0.364788803542183,0.00304655568124383,0.0127624726043576,0.619402168172215
"7898350",6.45071664050345e-09,0.0136490022887678,6.39430738396445e-10,0.00423321800808862,0.982117772612996
"7898353",3.10106608570742e-11,0.352421512118305,0,0.000243373128164508,0.64733511472252
"7898357",0,0,0,0.0075502601016011,0.992449739898399
"7898371",0,0.1311327285724,0,0.0030888382900319,0.865778433137568
"7898375",0,0,0,0.000698414584324515,0.999301585415675
"7898377",0,0,0,0.00463887317760866,0.995361126822391
"7898407",0,0.278939987383409,0,0.0112867215529045,0.709773291063687
"7898413",0,0,0,0.0115226631776311,0.988477336822369
"7898431",0,0,0,0.0158284942217332,0.984171505778267
"7898448",0,0.456842798445465,0.00164137133798614,9.94673121855685e-06,0.541505883485331
"7898466",0,0.255445120503967,0.00239567297201689,0.0147116087635524,0.727447597760464
"7898483",6.04453212277214e-11,0.0916822878642551,3.3755119955982e-10,0.00450200533013156,0.903815706407617
"7898516",0,0,0,0.00110904563944193,0.998890954360558
"7898521",0,0.257360865827557,0,2.07821468822905e-05,0.74261835202556
"7898533",0,0,0,0.0151549656942654,0.984845034305735
"7898537",0,0,0,0.00501088834710946,0.99498911165289
"7898549",0,6.98235487268052e-11,0.00590203978885851,0.0150319997781295,0.979065960363188
"7898556",2.04225785423793e-11,0.109653683889252,1.93010323879439e-09,0.0227706135759764,0.867575700584246
"7898568",1.10639570668212e-11,0.0599442435032692,3.60721436063615e-10,2.90373714373596e-05,0.940026718753508
"7898574",2.05705115878149e-16,0.102507974184321,0,0.00106135727798986,0.896430668537689
"7898582",9.22098919211253e-12,0.171973754646233,0,1.37104424127096e-05,0.828012534902133
"7898585",6.91334003733091e-12,0.107526835587995,0.00458112269501638,0.0152610798279322,0.872630961882143
"7898594",0,0,0,0.00458566578158148,0.995414334218418
"7898602",2.15820980115194e-12,0.00477691146894864,1.14763971020194e-09,0.00302461390537522,0.992198473475878
"7898609",0,4.04861815524432e-12,0,0.00778121919969445,0.992218780796257
"7898616",0,0.0456107773901565,9.20517835849156e-11,0.0073045778429412,0.94708464467485
"7898623",0,0.447030709051639,2.72370025142811e-16,0.0255397321480871,0.527429558800273
"7898627",0,0,0,0.00349345166560321,0.996506548334397
"7898653",0,0,0,0.0069491903889443,0.993050809611056
"7898655",0,0.341153000594861,0,0.000181561968006822,0.658665437437132
"7898663",0,0.356821953803288,0,0.00139946355212118,0.64177858264459
"7898677",0,0.147681988845701,1.25746681852621e-14,0.013448691682165,0.838869319472121
"7898679",1.54751953481015e-11,0.0392035011714424,6.20584848946211e-11,2.65288662266534e-05,0.960769969884797
"7898693",0,0.123576716591094,5.58971727275647e-11,0.00160000669364815,0.874823276659361
"7898707",2.40910450524703e-12,0.0102136003292068,0,0.0177113964532492,0.972075003215135
"7898713",1.30992362074679e-11,0.148663662604123,0,0.0131630097974516,0.838173327585327
"7898725",0,0,0,0.0153006434947147,0.984699356505285
"7898736",3.52632761970035e-12,0.122535121438476,4.35228702730673e-10,0.00111748803355467,0.876347390089215
"7898739",0,0.126697309186705,0,0.000903123176692397,0.872399567636603
"7898750",0,4.0041967172484e-11,0.011648471750115,0.0166344927967142,0.971717035413129
"7898773",0,0.0291625536424575,1.85176864748338e-12,0.0286883802246587,0.942149066131032
"7898793",1.13753493100798e-11,0.203427611851432,0.000509788879714671,0.00917270358007352,0.786889895677405
"7898799",0,0.235280724873831,0,0.0118036985954723,0.752915576530697
"7898805",1.90555954569177e-11,0.17831934911299,6.25103747105044e-11,0.0208606868046399,0.800819964000804
"7898809",0,0.585751373456443,6.35556231828599e-13,0.00093060537338528,0.413318021169536
"7898833",0,0.279271401366063,5.25386635485579e-14,0.0356733157722144,0.68505528286167
"7898858",0,0,0,0.0128930498297186,0.987106950170281
"7898869",0,0.174743480519257,3.45438937558938e-12,0.00448414365606465,0.820772375821224
"7898875",1.04201678996252e-11,0.0975691215731522,3.82709191524543e-10,7.5127577467051e-05,0.902355750456251
"7898881",0,0.0577502461738365,2.57580988382603e-10,0.00119978202168761,0.941049971546895
"7898894",0,0.303304172866237,0.0137722995393883,0.00037649289125784,0.682547034703117
"7898902",0,0.104039628282026,2.64233132312669e-12,0.0158927172617837,0.880067654453547
"7898910",0,0,0,0.0113915142810813,0.988608485718919
"7898916",0,0.0852432174335489,2.70325879952208e-13,0.0175572908299848,0.897199491736196
"7898939",4.85527445650165e-11,0.0581237387349169,0.0306074726421275,0.00244741122180629,0.908821377352597
"7898957",1.04368240794844e-10,0.0969205364994468,0.00393063907862684,0.00318482225868871,0.895964002058869
"7898967",0,0.114232754301412,0.010878791398588,0.0034500250013398,0.87143842929866
"7898975",0,0.0150364528306808,5.86329235005793e-13,4.03092255278203e-05,0.984923237943205
"7898988",0,0.0960808298772418,0.034771730984365,0.00964664531469082,0.859500793823702
"7898998",0,0.254376693999805,0,0.000552354445269386,0.745070951554926
"7899005",5.34980401393556e-14,0.229396306428005,0,0.00132259783611701,0.769281095735824
"7899016",0,0,0,0.0335983866120725,0.966401613387928
"7899018",0,0,0,0.00106219533632849,0.998937804663672
"7899023",1.81625158382965e-11,0.0284218402886755,6.85483759516193e-11,0.00198256893500286,0.969595590689611
"7899029",0,0.110278226649247,0.000342529065007726,0.00312778509890297,0.886251459186842
"7899043",0,0.170934881321336,0.000283132003691664,0.00744440747328908,0.821337579201684
"7899057",0,0.223326987926146,5.95114426586329e-14,0.00814763183133747,0.768525380242457
"7899075",1.00795917937714e-14,0,0.00261136012534234,0.0217743538226559,0.975614286051992
"7899087",0,5.17154815215505e-14,4.53790705462474e-12,0.0185325032700661,0.981467496725344
"7899093",0,0,0,0.00777865296390662,0.992221347036093
"7899096",0,0.0465834769417412,0,0.00192974226289106,0.951486780795368
"7899101",0,0,0,4.50014476463334e-07,0.999999549985523
"7899124",4.08905830675958e-12,0.0885311620223022,9.48632086213804e-11,0.00968908221257514,0.90177975566617
"7899134",1.96406999969957e-12,0.296452826957136,0,0.00919269003644438,0.694354483004456
"7899153",1.90490095143613e-11,0.146962785099449,0.0122621952023048,0.0191248926625271,0.82165012701667
"7899160",1.39799465153127e-11,0.761503446718407,0.00757874081609104,0.00741762783857138,0.22350018461295
"7899167",0,0.00380934291223591,0,0.00721292278202989,0.988977734305734
"7899173",8.29040591459798e-12,0.310698595063415,0,0.00163588466977658,0.687665520258518
"7899187",0,1.30900189304856e-13,0.00329021433823446,0.014307211695417,0.982402573966218
"7899192",0,0.0306726796330563,2.53955205845746e-10,0.000770840769544396,0.968556479343444
"7899220",4.15448555442496e-11,0.149204147508078,0,5.51227825016572e-05,0.850740729667876
"7899244",0,0.118233902937884,8.08231420089959e-13,2.57963096137607e-05,0.881740300751694
"7899253",0,0.351138195742108,1.94302182738786e-10,0.0012159132971806,0.64764589076641
"7899265",0,0,0,0.00700154104655438,0.992998458953446
"7899273",0,0,0,0.000367012544839977,0.99963298745516
"7899284",2.0854876176346e-19,9.53031107211321e-15,0,0.0180771458976547,0.981922854102336
"7899289",0,0,0,0.000527886987321986,0.999472113012678
"7899310",0,0.28276336747058,3.36027431437609e-12,0.00251343292123669,0.714723199604823
"7899323",9.26856048834584e-13,0.115719888869525,3.31355047810823e-13,0.0135426271734366,0.870737483955781
"7899343",0,0,0,0.00385702986289912,0.996142970137101
"7899346",0,0,0,0.00608667082542569,0.993913329174574
"7899350",2.76834315758383e-12,0.12908023899781,0,0.00480699387668564,0.866112767122736
"7899361",0,0.00714549492841323,0,0.0136641240719425,0.979190380999644
"7899377",1.77294527153365e-11,0.0930809033982933,0.00258117829213258,0.00750500016702218,0.896832918124823
"7899394",0,0.40009958266161,2.37465800342349e-12,0.00016616521699736,0.599734252119018
"7899407",0,0,0,0.0122086859691593,0.987791314030841
"7899417",0,0.270899632343949,0,0.00507208428174919,0.724028283374301
"7899424",0,8.48926595222318e-18,1.95404508928453e-17,0.00796742186244007,0.99203257813756
"7899436",0,0.0731865584783335,2.65206504787525e-16,0.00348356442667744,0.923329877094989
"7899448",0,0.240466056568565,0,0.00233082507679059,0.757203118354645
"7899455",0,0.163559886768775,0,0.000285229318408446,0.836154883912816
"7899462",0,0,0,2.54101206501304e-06,0.999997458987935
"7899486",0,0.0211070977098306,0,0.000263436355165582,0.978629465935004
"7899499",0,0.135678663450124,2.33377232658212e-14,0.00359743427300165,0.86072390227685
"7899502",3.13664233216935e-23,0.207811799313451,0,3.31555261518433e-05,0.792155045160397
"7899504",7.2298250312242e-12,0.0695751569348829,0,0.00715829231091616,0.923266550746971
"7899519",0,0,0,0.00582510260275476,0.994174897397245
"7899528",1.09331077866684e-11,5.33892841582076e-09,0.00256013618012172,0.00883034566059348,0.988609512809423
"7899534",1.4675893164017e-14,0.133944506560527,0,0.0278004792913291,0.838255014148129
"7899562",0,0,0,0.0113438937064958,0.988656106293504
"7899595",0,0.0254774653982229,1.03685263800231e-12,0.000345981143225922,0.974176553457514
"7899602",7.32195682496244e-13,0,0.00192941955280716,0.0018277190901797,0.996242861356281
"7899604",0,0.399173598353013,0.00148810911150405,0.00634870542992182,0.592989587105561
"7899615",8.03713387321289e-13,0.636684648661811,0,0.0106900907235094,0.352625260613876
"7899627",0,0,0,0.0170029992656588,0.982997000734341
"7899643",0,0,0,0.0037913859404406,0.996208614059559
"7899654",0,0.138624452296281,3.64520898460403e-12,0.00483519874414735,0.856540348955926
"7899675",0,0.298456931643645,0,0.00384111814361436,0.69770195021274
"7899688",0,0.164526994349042,1.25292571041571e-11,0.000183753947659785,0.835289251690769
"7899703",1.27752685812953e-11,0.0914536157228151,0,0.00100476717150187,0.907541617092908
"7899719",0,0.0762054955931972,1.80868519830408e-11,0.00323357220575649,0.920560932182959
"7899727",0,0.0924751174544679,0,0.0056569799858769,0.901867902559655
"7899737",8.92881849827729e-13,2.73724065647101e-10,0.0039978489678171,0.00216027879704475,0.993841871960521
"7899750",1.56692053903566e-12,0.104939594493319,0,0.00784677430377139,0.887213631201342
"7899753",0,0,0,0.0017103829312627,0.998289617068737
"7899774",7.28169874964063e-13,0.0411084269876449,0,0.00130073455441638,0.95759083845721
"7899790",0,0,0,0.00166756120296025,0.99833243879704
"7899797",7.29101286405453e-10,0.00407293284762368,1.13094517145313e-12,0.0115499117692329,0.984377154652911
"7899813",0,0.126614751523737,0.000246716478857253,0.0186564975944668,0.854482034402938
"7899821",0,0.358508693829005,0.00554105142035236,0.00872057880201871,0.627229675948623
"7899829",0,0,0,0.00357289773803153,0.996427102261968
"7899841",1.77369925179214e-10,0.113388789500881,3.07606880314225e-11,0.0092956281228008,0.877315582168187
"7899851",1.07046419439074e-11,0.194869176651866,0,0.0171487853349788,0.78798203800245
"7899870",1.398790851799e-10,0.110695258259201,0.0098787812738402,7.59613836459098e-07,0.879425200713244
"7899884",1.44796387944737e-38,0.303793422855077,4.8057106109778e-10,0.00474052395944351,0.691466052704908
"7899898",0,0,0,0.00891904323239336,0.991080956767607
"7899905",0,0.107363120060639,1.0254703981328e-10,0.00342218786041246,0.889214691976401
"7899911",0,0,0,0.00669538140050027,0.9933046185995
"7899921",1.61919347947349e-12,0.0206597100345444,0,0.00818881124478329,0.971151478719053
"7899927",0,0.0142859256575804,2.58225204317198e-14,0.0026186633228774,0.983095411019516
"7899932",0,0,0,0.00419301746514577,0.995806982534854
"7899939",0,0.0985037603408313,0,0.00897057700048,0.892525662658689
"7899943",0,0.0155168861634661,4.54943775512888e-15,0.0179247557198928,0.966558358116636
"7899957",0,0.00154696055443014,0.00163988975547269,0.0226564950591976,0.9741566546309
"7899990",3.03141529720435e-12,0.255984089250982,9.07771061776948e-12,0.00300884863280361,0.741007062104105
"7900001",1.56892869020448e-12,0,0.00175663824259948,0.00215416193824032,0.996089199817591
"7900009",0,0,0,0.00440416729403819,0.995595832705962
"7900030",1.04117247934614e-09,0.152078054073132,3.90996191470389e-08,0.000293645314579652,0.847628260471496
"7900051",0,0,0,0.000794411359394385,0.999205588640606
"7900076",0,0.0964930016797509,0,0.00554658838197978,0.897960409938269
"7900087",0,0,0,0.000585133639550332,0.99941486636045
"7900095",0,0,0,0.00586233294744297,0.994137667052557
"7900119",0,0,0,0.000403985894567058,0.999596014105433
"7900129",0,0.203977099162588,0.00385799794169382,0.0184115971039731,0.773753305791745
"7900146",3.40119386418786e-14,0.185823541061598,0,0.010151194049066,0.804025264889302
"7900157",0,0.0155895236776475,0,0.00103411490429765,0.983376361418055
"7900159",0,0,0,0.000364233485799273,0.999635766514201
"7900167",0,0,0.000218981416704082,0.00385098773508779,0.995930030848208
"7900183",0,0,0,0.014692759236863,0.985307240763137
"7900192",2.11301919141434e-10,0.126526996271406,3.65676938269358e-09,0.00114441997848078,0.872328579882041
"7900201",0,0,0,0.00962689189612147,0.990373108103878
"7900216",1.50240273175208e-12,0.17569942746902,1.08178241348098e-11,1.37091453443762e-05,0.824286863373315
"7900228",0,0.297129056744173,0.00411263611633919,0.00299413341126137,0.695764173728226
"7900235",0,0,0,0.00255305299958846,0.997446947000412
"7900336",2.84474455371594e-12,0,0.00184849609330556,0.00212339560597259,0.996028108297877
"7900340",0,0.325716768770051,0.00509346478668117,0.0101853944955091,0.659004371947759
"7900352",0,2.50776755840542e-08,0.00391839146177721,0.00612086634955139,0.989960717110996
"7900354",4.01757211936348e-17,0.170867808648796,1.03344270821039e-18,0.00480485998243704,0.824327331368767
"7900365",0,0.202087585386286,0,0.00758769412885809,0.790324720484856
"7900382",0,0.0175243160787284,0,0.00307794887125744,0.979397735050014
"7900395",0,0,0,0.00785426827375505,0.992145731726245
"7900409",0,0.274167398035257,0,0.00387542321103056,0.721957178753712
"7900413",4.82503324077519e-12,0.0833330217269273,0,0.00816254325257105,0.908504435015677
"7900426",0,0.254060165801622,0.0062660262189811,0.0375596236635235,0.702114184315874
"7900438",0,0,0,0.0114279482412847,0.988572051758715
"7900446",2.66732711673332e-13,0.02620997184988,0,0.000888967330030495,0.972901060819823
"7900454",1.39967072492742e-09,0.429994502529338,5.47838839442959e-11,1.22784093118311e-05,0.569993217606895
"7900461",0,0.150415422560234,0,0.00220529581683524,0.847379281622931
"7900468",2.02425668878572e-12,0.390780891533983,0.0131907238867149,0.000269054037887336,0.595759330539391
"7900488",0,0,0,0.00958691765316211,0.990413082346838
"7900490",1.55916185999379e-09,0.134799498647097,0,0.000104612559134959,0.865095887234606
"7900492",2.22654629934422e-11,0.00177727369482404,3.91153066162269e-15,0.00920434550415512,0.989018380778751
"7900510",0,0.185528914819721,0.000272744621521127,0.0234339671616866,0.790764373397071
"7900531",0,0.106376198794419,8.65836067204991e-12,0.0082580874779515,0.885365713718971
"7900540",0,0,0,0.00794372268520451,0.992056277314795
"7900546",0,0,0,0.00154134332238209,0.998458656677618
"7900555",0,0.0962124569404623,0.00692012026942529,0.00121298668795251,0.89565443610216
"7900576",2.05125190502278e-10,0.168142466214423,0,0.00667385128101701,0.825183682299434
"7900585",0,0.188404608101194,6.86337945974258e-18,0.000869011446228012,0.810726380452578
"7900597",0,0,0,0.000566857574634948,0.999433142425365
"7900603",0,0.166013878641296,0,0.0151081552253312,0.818877966133372
"7900609",0,0.388671767862848,0.000442744787536101,0.000933031474289123,0.609952455875327
"7900624",0,0.16639343474993,1.28087350077121e-11,4.60873383133443e-05,0.833560477898948
"7900635",0,0,0,0.00100030842315866,0.998999691576841
"7900639",0,0.030370750886961,0,0.00365481450190879,0.96597443461113
"7900654",0,0.0195393125672897,2.46385207161256e-13,0.0124849370399247,0.967975750392539
"7900658",8.74951138763319e-15,0,0.00148353229049481,0.0066548112185457,0.991861656490951
"7900683",1.05937439226639e-10,0.175241227678407,0,0.00856409328694327,0.816194678928712
"7900699",0,0.00595732395806674,0.00225259100970304,0.00708756887598012,0.98470251615625
"7900710",0,0,0,0.00226868672196453,0.997731313278035
"7900792",5.15947692041507e-13,2.21883643297276e-11,0.00295250401222107,0.0108067582819444,0.98624073768313
"7900833",0,1.02663250141965e-15,0.0136119369715181,0.00283796044383136,0.98355010258465
"7900857",6.94773694841513e-12,0,0.00905295144661485,0.0277408995044878,0.96320614904195
"7900878",0,0,0,0.0075611685913281,0.992438831408672
"7900888",0,0.260973222129378,7.09258999053796e-17,0.00128189180546073,0.737744886065161
"7900911",0,0.342952481996495,0.00473257793818689,0.00037941565454129,0.651935524410777
"7900922",0,0.410066326806368,3.15661173348044e-13,0.00265731989596305,0.587276353297353
"7900931",0,5.34975660175993e-17,0,0.00382818357990973,0.99617181642009
"7900944",0,0.22708870370693,0,0.0157967996733655,0.757114496619705
"7900957",0,0,0,0.0075659518032547,0.992434048196745
"7900962",4.26534454801741e-17,0,0.00407412910379237,0.00695187865875258,0.988973992237455
"7900979",0,0.32109661723256,3.27163019885295e-10,0.00110516230519695,0.67779822013508
"7900999",4.28318883500953e-12,0,0.0126895065816223,0.0189171209480586,0.968393372466036
"7901010",1.58320869545473e-11,0.127148260135425,1.86446224050108e-12,0.00477870587128669,0.868073033975592
"7901038",0,0.095864038086312,0.0014097142839591,0.0122319949418633,0.890494252687866
"7901046",1.37005151435656e-12,0.0339696494890411,1.07922358291756e-11,6.14381736257629e-05,0.965968912325171
"7901048",0,0,0,4.40753101701655e-05,0.99995592468983
"7901050",2.41602640587343e-10,0.213000192802928,0,0.00365195478486073,0.783347852170609
"7901054",0,0.120010161656477,0.00472261792545739,4.84157665486517e-05,0.875218804651517
"7901073",0,0,0,0.00014648372809535,0.999853516271905
"7901087",0,0,0,0.0148375687564533,0.985162431243547
"7901091",0,0.199622574718441,0.00781973270183248,0.00658159202598789,0.785976100553738
"7901102",0,0.0195795975878246,1.08046490929728e-11,0.00176309904525654,0.978657303356114
"7901110",0,0.0775147338779501,0,0.000166435636087484,0.922318830485962
"7901123",0,0.100253992885658,5.34596320130307e-08,0.000138708429497607,0.899607245225213
"7901135",0,0.303405509826957,8.9590111077234e-19,0.00759435495951655,0.689000135213526
"7901140",0,0.161467770416209,0.0225756895233733,0.0317900017069467,0.784166538353471
"7901175",5.24836322194513e-11,0.207206255873118,6.28408734785769e-11,0.00206300824369533,0.790730735767862
"7901187",0,0,0,0.00193649796231525,0.998063502037685
"7901192",0,0,0,0.00662581183521005,0.99337418816479
"7901212",9.75186903927943e-18,5.50512302028637e-15,0,0.00429241666853489,0.99570758333146
"7901219",0,0,0.00814196922383467,0.0112936888280814,0.980564341948084
"7901229",2.62370086077679e-12,0.232845132726421,0.0191123257709337,0.000179647376415841,0.747862894123605
"7901247",0,0,0,0.00650686718070424,0.993493132819296
"7901253",0,0,0,0.00119297969320558,0.998807020306794
"7901256",4.67569440000784e-11,0.13655906621113,6.07744191140039e-12,0.00373171230456821,0.859709221431467
"7901272",0,0.0321999898628569,3.29644708037659e-09,0.000978868515564167,0.966821138325132
"7901287",0,0.0578661076313694,0,0.00609686084133832,0.936037031527292
"7901293",0,0,0.00137872444663422,0.00118950096392233,0.997431774589443
"7901299",0,0.0658973581529781,0.00209370251675772,0.00656919469058272,0.925439744639681
"7901309",0,0,0,0.0131318222605689,0.986868177739431
"7901311",0,0,2.00581868336777e-09,0.0124167115410328,0.987583286453149
"7901316",1.43834848823684e-11,0.0126190984670558,1.48536926853834e-10,0.00780716837381122,0.979573732996213
"7901336",0,0.103893346096592,6.28414981081884e-12,0.0028081074879972,0.893298546409127
"7901342",0,0,0,0.0166139500926172,0.983386049907383
"7901363",2.18899442945711e-11,0.269678003430666,0.00886774038237615,0.00813385261162457,0.713320403553443
"7901376",2.24104877394242e-11,0.188613704000523,0,0.000562309818693143,0.810823986158373
"7901385",3.99308658725465e-14,0.00143177723514294,0,0.00443624926878754,0.99413197349603
"7901418",0,0.0906865456815935,6.03937396951686e-16,0.0209224336669637,0.888391020651442
"7901426",2.5692107427067e-10,0.111116605428733,0.00181398203155055,0.000490853698434298,0.886578558584361
"7901447",0,0.318018198794752,0.00480842300226244,0.00222990833000784,0.674943469872978
"7901460",1.12219348800046e-13,0.337762633494059,2.47642156179552e-12,0.0097154593368805,0.652521907166472
"7901466",0,0.0138150340356988,0,0.00141925166234829,0.984765714301953
"7901479",0,0.0386105980680876,2.99133189731391e-12,0.0109063754407578,0.950483026488163
"7901497",0,0,0,0.00665959026941257,0.993340409730587
"7901513",1.87765454581344e-12,0.246409051635032,1.66252575443684e-11,3.62493025999752e-05,0.753554699043866
"7901535",0,0.0155935994169009,3.11843084660782e-12,0.0139700416727849,0.970436358907196
"7901549",7.65350203307479e-11,0.106232235885703,4.2011277209749e-09,0.00064491102535955,0.893122848811275
"7901557",7.78987247105653e-11,0,0.00195376430038192,0.0155511852011,0.98249505042062
"7901565",0,0.110563952956614,6.09576929289277e-11,0.0163294024457374,0.873106644536691
"7901577",2.3372076926056e-13,8.95854630591184e-11,0.00813457520536855,0.00694198244762929,0.984923442257183
"7901592",4.91408157498019e-11,0.155370269891578,0,0.0100608722960667,0.834568857763215
"7901601",1.71151960671457e-09,0.0275505304325062,0.0058218210491771,0.00111416603626313,0.965513480770534
"7901611",1.8913425099746e-13,2.48057735881719e-10,0.00630580590537918,0.0106240029813251,0.983070190865049
"7901613",1.79745320558752e-10,0.100030850686527,0.000949851454648894,0.00212787868558126,0.896891418993497
"7901634",2.35340691732926e-11,0.118656223315883,1.06076559494289e-09,0.00178707949287876,0.879556696106938
"7901662",0,0.0496407809109256,3.43035377490832e-09,0.00205219125920711,0.948307024399514
"7901675",0,3.90532482935772e-17,0,0.00659623537524801,0.993403764624752
"7901687",0,0,0,0.00271530802649675,0.997284691973503
"7901691",0,0,0,0.00357251807063705,0.996427481929363
"7901696",0,0,0,0.00231783304829847,0.997682166951702
"7901720",0,0.20152118059896,0.000462440087403417,0.000974888886451302,0.797041490427185
"7901732",0,0,0,0.00112626472529528,0.998873735274705
"7901748",0,0.318961521607014,0,0.040894697451286,0.6401437809417
"7901765",0,0.0750336084379671,0,0.00114910995288701,0.923817281609146
"7901788",0,0.110675907752349,0.0225139996870757,0.00967134630429602,0.857138746256279
"7901802",0,0,0,0.00292437976724391,0.997075620232756
"7901804",1.73549534310988e-16,0.114484274362759,1.59512392165319e-15,4.21918650678355e-06,0.885511506450732
"7901860",0,0.101528864932124,1.32220593137593e-17,0.011098145549239,0.887372989518637
"7901867",1.83170581998947e-13,0.0281818451575636,0,0.00847426005410547,0.963343894788148
"7901883",0,0,0,0.00064042190441049,0.99935957809559
"7901895",0,5.36340248953255e-19,3.94879458794863e-16,0.0289785649775836,0.971021435022416
"7901913",2.38301477573066e-09,0.0562826036177168,6.04619712670461e-10,0.00268309069415637,0.941034302700492
"7901915",0,2.26338659605118e-18,5.55984685152398e-17,0.00140770483818846,0.998592295161811
"7901931",0,0.172116473299075,0.00220082129982765,0.00883436332596647,0.81684834207513
"7901948",6.00630886913132e-11,0.5011671577147,0,0.00060790317030802,0.498224939054929
"7901951",0,0.438186504536135,0.00878675935858267,0.0108002098688202,0.542226526236462
"7901969",7.55160629152792e-12,0.0842739614402084,1.11151389085134e-12,0.0131827962689321,0.902543242282196
"7901982",0,0.0490046591212844,0,0.000359521955642101,0.950635818923074
"7901993",0,0,0,0.00131520968269115,0.998684790317309
"7902023",1.58837613703834e-12,0.479535860601283,0.0133158373067155,0.0100997987055086,0.497048503384905
"7902038",0,0,0,0.00119911685628192,0.998800883143718
"7902043",0,0,0,0.00201094743092234,0.997989052569078
"7902074",0,0.228239107125084,2.67504101070078e-13,0.00142809763301548,0.770332795241633
"7902104",6.90230288814076e-12,0.190508342985515,0,0.00902353738696405,0.800468119620618
"7902127",2.63997791439963e-10,0.26099589233068,3.20174080927831e-09,0.00329432799051786,0.735709776213064
"7902158",0,0.0183686166008035,0.00847281753480638,0.00243685211099677,0.970721713753393
"7902166",0,0,0,0.00538716764904425,0.994612832350956
"7902189",5.82975900004336e-13,0.204154557296496,0,0.000785329559128232,0.795060113143793
"7902205",0,0.00215824544945447,0.00372281223264613,0.00262884810598998,0.991490094211909
"7902227",0,0,0,0.000120575699105098,0.999879424300895
"7902235",1.66374652390966e-10,0.00365581407680649,0,0.00113202387300896,0.99521216188381
"7902267",0,0,0,0.000498857015844179,0.999501142984156
"7902282",3.54069121586423e-11,0.350955627033667,6.23383897100934e-11,0.0164109828231662,0.632633390045422
"7902290",6.3618333192194e-13,0.247103992007684,0,0.00225355702693044,0.750642450964749
"7902308",1.50539784131838e-11,0.193480851961942,5.35933417266831e-11,0.0036025231898896,0.802916624779521
"7902317",0,7.1553444256625e-14,0.00355192919992162,0.00185071184803666,0.99459735895197
"7902345",0,0.0496658819165947,2.64303124266961e-11,0.0107346086405432,0.939599509416432
"7902353",0,0,0,0.0047775291401497,0.99522247085985
"7902367",0,0.0779405803126247,0,0.0179516797870623,0.904107739900313
"7902382",0,0,0,0.0148184468763483,0.985181553123652
"7902396",1.01013401155463e-14,0.435260310535867,0,0.0161839134175266,0.548555776046597
"7902398",2.37635399655006e-14,0.293408552647237,0,0.00398141436672848,0.70261003298601
"7902402",0,0,0,0.00473006524382999,0.99526993475617
"7902425",5.97562810479977e-12,0.311391809204585,0,0.00348841926070472,0.685119771528734
"7902435",0,0.111083904429301,5.88308336822013e-13,0.00126087450674864,0.887655221063362
"7902441",1.39681933637282e-13,7.55208508799423e-11,0.000681558706410466,0.00261373201866064,0.996704709199268
"7902448",2.66143198857674e-16,0.121506816483529,3.6691494760486e-15,0.0194328551793193,0.859060328337148
"7902452",3.58407496663333e-11,0.0066970978728507,2.55387803616155e-09,0.000400004455394125,0.992902895082036
"7902476",0,0.155679349996597,2.26046118909928e-12,0.0145965742017098,0.829724075799433
"7902495",0,0.478613411058634,1.08288225603423e-06,0.000327084387182271,0.521058421671928
"7902512",0,0.0662121189880333,5.43220269421408e-16,0.00246821187731382,0.931319669134652
"7902518",1.47049931524855e-09,0.175876562037392,0,0.00250363235734475,0.821619804134764
"7902527",0,0.48673056651983,3.99714230934882e-12,0.0579701524107931,0.455299281065379
"7902565",0,0.188063105082798,1.39190732922133e-17,0.00421843570600542,0.807718459211197
"7902592",0,0,0,0.00580797447770233,0.994192025522298
"7902594",1.50624987499826e-11,0.191454002029707,0,0.00615001282457675,0.802395985130654
"7902617",1.93654195802748e-12,0.0315132465960155,0,0.0073000340323795,0.961186719369668
"7902623",1.25933172311665e-11,0.0837495296835098,3.70078414176134e-11,0.00052241614300546,0.915728054123884
"7902634",4.68851032242474e-14,0.0866321510667403,0.00140485772196352,0.00404424626842203,0.907918744942827
"7902645",2.25533868596068e-13,0,0.00113411161905278,0.000172354933508542,0.998693533447213
"7902660",0,0.0162765253119564,0,0.00563588368248018,0.978087591005563
"7902687",7.10209731939651e-12,0.12805890781194,0,1.78872675759744e-05,0.871923204913381
"7902702",0,0,0,0.00237907129794631,0.997620928702054
"7902721",0,0,0.000450390720794034,0.00922793979188535,0.990321669487321
"7902738",1.10871575719615e-13,0.10616351028984,0,0.00327582623312368,0.890560663476925
"7902754",0,0,0,0.00316836178036293,0.996831638219637
"7902771",0,0.277597957280878,3.41502440249265e-16,0.00215177109385239,0.720250271625269
"7902789",0,0.198528840367266,0,0.0121521690083805,0.789318990624353
"7902799",0,0.075994392390849,0,0.00107868186393635,0.922926925745215
"7902808",1.00479644644207e-11,0.367479769218386,0.00444961780262111,0.00263206580795817,0.625438547160987
"7902810",0,0.0132775052831438,0.0126496602162238,0.000291479715921053,0.973781354784711
"7902822",0,0,1.946517509906e-16,0.00330065869327554,0.996699341306724
"7902850",1.61915603560646e-08,0.391139335446185,1.27401387451548e-09,1.05360174130429e-06,0.6088595934865
"7902861",6.37558672110069e-23,0.304884453457416,0,0.0167302578205965,0.678385288721987
"7902874",1.14630219975528e-12,0.0290768797425805,0,0.00375846208784806,0.967164658168425
"7902883",0,0.213526347640612,0,0.0187047058270383,0.76776894653235
"7902891",0,0.0887877583353043,4.98661033965799e-13,0.00117080794240372,0.910041433721793
"7902913",8.44635531240688e-09,0.0692750465867863,2.76150970001255e-08,0.00694949598391871,0.923775421367843
"7902930",0,0,0,0.0001503577921469,0.999849642207853
"7902934",0,0,0,0.00471160201660633,0.995288397983394
"7902957",6.95491108385822e-15,0.255349392786578,0,0.00583300542237178,0.738817601791043
"7902965",1.0647623523336e-12,0.224731839898393,0,8.19273519223572e-05,0.77518623274862
"7902977",0,0.186095103626797,0,0.000763200577859804,0.813141695795344
"7902984",9.46812957976927e-14,0.0439461309043764,0,0.0112011898878764,0.944852679207652
"7902992",1.44575589896479e-11,0,0.00113314136112852,0.0121370143626769,0.986729844261737
"7903010",0,0.00812451352649929,0,0.00997981246698642,0.981895674006514
"7903022",1.84019312315087e-16,0.131619216704056,0.00331096315447633,0.0135950416029244,0.851474778538543
"7903032",0,1.34557559278332e-10,0.00461140234677452,0.0114157160146357,0.983972881504032
"7903049",0,0.0370022462424444,0,0.00299745888109468,0.960000294876461
"7903079",1.58512041459612e-12,0.197516977040782,0,0.000160453116109141,0.802322569841524
"7903092",0,0.103540534006026,4.85992603922827e-19,0.00337631104946134,0.893083154944512
"7903119",0,0.00686373228321562,0,0.0131844240155771,0.979951843701207
"7903144",0,0,0,0.0017644451474768,0.998235554852523
"7903162",0,0,0,0.000435077673952443,0.999564922326048
"7903171",2.97794897248258e-11,0.0182577353594179,3.80015335099256e-11,0.00868215155088935,0.973060113021912
"7903188",0,0,0,0.00181192489237716,0.998188075107623
