"","batch","individual_id","sex","age","Residuals"
"7896740",1.72347443768844e-11,0.0984794938191828,2.40875524499494e-11,0.00296315401000426,0.898557352129491
"7896742",2.24360934722569e-11,0.321032379615083,6.50419716682263e-12,0.00413156076984651,0.67483605958613
"7896744",2.75233573972435e-11,0.270614467552756,3.30257142172425e-11,0.00238534648691382,0.727000185899782
"7896754",2.24692906697721e-11,0.357517702175229,5.78286096922493e-10,0.000750870763911,0.641731426460105
"7896756",4.54872325014779e-11,0.0861184898512203,1.05830729609815e-10,0.00805129071956638,0.905830219277895
"7896759",6.42692361671429e-13,0.180041828876317,0,0.0132060482477269,0.806752122875314
"7896761",1.80958025511926e-11,0.525741810052706,1.86098934699298e-11,0.000333115948673877,0.473925073961914
"7896779",2.94037716074809e-11,0.326765081293627,6.17251937972113e-10,0.000794183495327261,0.67244073456439
"7896798",3.07180106078372e-11,0.433471779775263,2.12055207753245e-11,0.00703334213383984,0.559494878038974
"7896817",1.60223403902572e-11,0.438086743420491,2.35868023385461e-11,0.000566997987544574,0.561346258552355
"7896822",1.60445221661217e-11,0.573110972966951,8.62627540784787e-10,0.00517303283538058,0.421715993318996
"7896859",2.73533761595394e-11,0.388223132311584,1.12887561052276e-11,0.00107334380121831,0.610703523848555
"7896861",2.96240732041245e-12,0.198880104104175,2.37229115904712e-08,0.00386248398286023,0.797257388187091
"7896863",3.08836443234597e-11,0.256132529725248,1.00251321159469e-11,3.68367898111418e-06,0.743863786554862
"7896865",2.43679716526257e-11,0.256960298184075,1.77628038044219e-10,2.93344109034778e-06,0.743036768172838
"7896878",3.01414226935524e-13,0.137693409662004,0,0.00480947195003017,0.857497118387665
"7896882",9.09186636909727e-12,0.0940058183423833,4.67255341219791e-09,0.00690999595152877,0.899084181024443
"7896908",4.63778543228753e-13,0.0883041577276341,0,0.0237585462327661,0.887937296039136
"7896917",3.31045093076458e-11,0.303507851020657,1.5221067589278e-09,0.000795233595255478,0.695696913828876
"7896921",2.55181850888837e-11,0.2640331743295,1.53930131444473e-10,0.00162784485006467,0.734338980640987
"7896929",2.80706056672435e-11,0.25185985762624,1.9286071614409e-10,0.000172824600643055,0.747967317552186
"7896937",4.64229331481614e-14,0.0781515088753242,0,0.00639694065046814,0.915451550474161
"7896952",2.07016725305057e-11,0.01067752996252,1.84717897638738e-12,0.00372853844380328,0.985593931571128
"7896961",2.7080013306457e-11,0.299056777873738,3.6158609792828e-10,0.00549423752520695,0.695448984212389
"7896983",3.37807767709892e-11,0.114984357281719,1.72902520237065e-10,0.0076142138671346,0.877401428644463
"7896985",2.06819095926145e-11,0.165096406004066,9.62816933098866e-12,0.000971798408724115,0.8339317955569
"7897006",1.49134809147649e-11,0.211740452762497,1.56666068067079e-11,0.000233588195672457,0.788025959011251
"7897026",1.61264371037406e-11,0,4.58955803726815e-12,9.93922939836469e-06,0.999990060749886
"7897034",4.13899894967965e-11,0.287758209220201,1.34040016959225e-09,0.000694362363656674,0.711547427034352
"7897044",3.80469581160501e-11,0.206098807130079,3.92125387017799e-11,0.00067367705798859,0.793227515734673
"7897066",5.9870902879399e-11,0.154136204481798,2.06016520013417e-10,0.00572667730317499,0.84013711794914
"7897068",3.00572612012297e-13,0.226609918612213,0,0.00152599134463413,0.771864090042852
"7897078",1.69442482064731e-13,0.175246545310607,0,0.000407008497801695,0.824346446191422
"7897089",5.70621786845831e-12,0.507224769848636,2.10645960714136e-09,0.0140411459865115,0.478734082052686
"7897119",1.26124949235523e-11,0.398359355075925,5.41914664925087e-09,8.01293012001991e-05,0.601560510191116
"7897128",2.70780418718083e-11,0.283344406512857,8.49336016630634e-11,7.44367859291873e-06,0.716648149696538
"7897132",4.03976737928588e-11,0.175780655145825,9.04642976291736e-12,0.00204998344823157,0.822169361356499
"7897154",3.02511074812127e-11,0.191718462351991,1.63201753936854e-11,0.000762688738003536,0.807518848863435
"7897172",4.37446913755383e-11,0.278861598900346,2.60940983272166e-11,7.16307771137914e-05,0.721066770252702
"7897179",5.45758813444589e-11,0.148857753938136,3.50577721176182e-11,0.000639153083989264,0.850503092888241
"7897196",2.74312438452405e-11,0.274631713145688,1.55045839557875e-11,0.00737823315751137,0.717990053653865
"7897210",1.12671076973805e-11,0.123985334075452,8.99670941148773e-09,0.000251642750278231,0.875763014166293
"7897227",7.6141548668754e-12,0.487783706148062,4.60374249960278e-09,0.0251621846789619,0.48705410456162
"7897236",9.40870766216238e-12,0.493039821427264,2.36178545594472e-09,0.00457816364879946,0.502382012552742
"7897257",5.83356776771713e-12,0.294363052780809,2.02387518668605e-10,7.52802570563275e-05,0.705561666753913
"7897263",3.2015345531405e-11,0.247682471231061,1.6349413500111e-10,0.010705654676088,0.741611873897342
"7897277",6.39365464840984e-12,0.286476243138765,0,0.00719704490566115,0.70632671194918
"7897280",3.54723198488806e-11,0.428665949340096,2.13377700422514e-11,0.000414000264876085,0.570920050338217
"7897286",3.8681553126751e-11,0.23215422704815,1.13274705409319e-10,0.000100322196189273,0.767745450603705
"7897288",3.69622634217365e-11,0.06783985073678,1.01875352354859e-11,1.78059356529058e-05,0.932142343280417
"7897295",7.31602908360189e-12,0.199497181041702,4.36817337274573e-09,0.0039489227899073,0.796553891792901
"7897305",3.64447533728807e-11,0,7.83027301916464e-12,0.0152392812877797,0.984760718667945
"7897322",3.83649029068527e-11,0.43836878628355,8.11917406139743e-10,1.91948930487796e-06,0.561629293376863
"7897329",2.7182517294164e-11,0.407627547406818,2.94697023968772e-11,0.00709358061897964,0.585278871917551
"7897339",8.69796750850026e-12,0,1.21673597202625e-08,0.0192621241458141,0.980737863678128
"7897370",1.74121272374421e-11,0.387417128945805,6.45455688014751e-09,0.025740298833334,0.586842565748892
"7897378",2.63204674245685e-06,0.126749165313132,0.0462227387777362,0.000534411313435731,0.826491052548954
"7897404",1.261132534946e-11,0.182351553730819,8.7587713974508e-09,0.00221837165915031,0.815430065838648
"7897416",2.14767983033594e-11,0.173178556906365,9.63729554687132e-12,1.55438096601971e-05,0.826805899252861
"7897426",5.6736953205416e-12,0.577347541683597,2.58615011496458e-09,1.63728758237977e-05,0.422636082848755
"7897441",1.51529977820768e-11,0.322031312305606,7.02025205053389e-09,0.0076383243390891,0.6703303563199
"7897449",3.10500662483356e-11,0.233697515886315,1.16338599567414e-11,0.000265616662108534,0.766036867408893
"7897460",3.45821864664128e-11,0,9.15727346514101e-12,0.0586246500449217,0.941375349911339
"7897469",2.89400662795238e-11,0.328868271982962,8.2686899821849e-12,1.93732149298946e-05,0.671112354764899
"7897482",9.0617164324926e-12,0.165920973346757,4.7895564991336e-09,0.0317052829414778,0.802373738913148
"7897509",1.44331138637541e-11,0,1.52812238159159e-08,1.4127642955739e-05,0.999985857061387
"7897522",3.22365006801604e-11,0.143941598781736,1.47537020682277e-12,6.37795328319132e-05,0.85599462165172
"7897527",1.55243782218469e-11,0.476019635359005,3.66760060272953e-12,6.09384098839448e-05,0.523919426211919
"7897561",2.31648911078307e-11,0.359745787241793,1.26436349677443e-09,0.0628319189913517,0.577422292479327
"7897620",2.62737456219378e-11,0.193952394219781,1.63181758001339e-10,0.000135699601366436,0.805911905989397
"7897632",1.54233457566908e-13,0.23496796793754,0,9.96214941759719e-05,0.76493241056813
"7897648",3.80747530030178e-11,0.414755391956204,2.58883630984769e-11,0.00321515115899377,0.582029456820839
"7897663",1.18905963847455e-11,0.256757835600018,9.40605572461857e-09,0.000637293052435719,0.7426048619296
"7897675",2.02064704886767e-11,0,5.75292485882802e-12,0.000136358785284109,0.999863641188756
"7897685",3.59899405133588e-11,0.151921436714714,8.39983979073457e-12,0.00134828089070576,0.84673028235019
"7897691",1.59666134339969e-11,0.169495236990168,1.0902144714054e-08,0.00285825614429017,0.827646495947431
"7897714",2.52164569899101e-11,0.379606626345224,2.45230676523265e-11,0.00177933914157204,0.618614034463464
"7897728",1.66525128827926e-11,0.167694278146049,6.91682174309524e-09,0.00259740204781216,0.829708312872665
"7897737",2.27535392047298e-11,0.216473752982855,1.3379844507765e-08,0.000855607826242028,0.782670625788305
"7897745",1.98174803237007e-11,0.354519043370669,7.29815372832052e-09,0.000139952127914967,0.645340997183445
"7897753",2.5965066994465e-11,0.175256727925753,1.09506552969145e-08,0.00175013897149435,0.822993122126133
"7897774",8.81413801300934e-12,0.200781408536893,8.6749941856276e-09,0.00482473830265971,0.794393844476639
"7897801",1.87803892254637e-11,0.0532174924284162,1.56585414401306e-08,0.00777113261857909,0.939011359275683
"7897803",4.33840873067648e-11,0.0476517787230024,1.23995249002726e-10,0.0052469634569806,0.947101257652638
"7897824",3.4040858782862e-11,0.0977929064094379,3.13826341568033e-11,3.92906397944133e-06,0.902203164461159
"7897849",1.49555137771968e-11,0.215017377518246,1.00072945840606e-08,2.56217922754785e-05,0.784956990667228
"7897860",4.71560691264111e-11,0.145481000346426,2.264624957695e-10,0.00260359856064221,0.851915400819313
"7897877",3.69445856673745e-11,0.369951214516488,9.11654014879941e-10,0.0638219709433206,0.566226813591593
"7897890",1.43537890744408e-11,0.402721211429711,2.61002528767143e-10,0.00485126435452707,0.592427523940406
"7897953",2.12378631465141e-11,0.209762176187751,1.06183150692715e-08,0.00283233310543188,0.787405480067264
"7897955",4.20996772436516e-11,0,5.92869912154835e-11,0.000579722770299853,0.999420277128313
"7897960",1.83709132837355e-11,0.178597168794394,7.11029846290611e-09,0.00877811122114073,0.812624712855796
"7897966",3.70780652131095e-11,0.39114662835721,9.06152084373784e-10,0.00432373705389882,0.604529633645661
"7897974",0,0.015191843201524,0.00534341713160477,1.76459574052087e-05,0.979447093709466
"7897978",1.30089923350467e-11,0.138339169983438,8.8595799933477e-09,0.00542945318615963,0.856231367957813
"7897987",3.56924727813109e-11,0,8.43179619586812e-12,0.00256021330561825,0.997439786650257
"7897991",1.09721182685161e-11,0.31318252088858,1.125344621617e-09,0.0045901968352172,0.682227281139886
"7897997",1.00207441896771e-11,0.082510569401028,1.13350387584575e-08,0.0001041717385413,0.917385247515371
"7898002",2.06512065684113e-11,0.078255643835799,9.59443615316443e-09,6.32966929307736e-06,0.921738016879821
"7898007",1.58219516861943e-11,0.119938895390361,4.76756123473844e-09,0.000393052205109687,0.879668047621146
"7898012",1.8234746074828e-11,0.110731608556008,8.55692205996476e-09,0.000756982641611283,0.888511400227223
"7898020",9.7602364118532e-12,0.154203173552951,1.58181424032199e-10,0.00323141220245053,0.842565414076657
"7898026",1.32559440302173e-11,0.0388699792287321,5.14623766962537e-09,0.00692252998287765,0.954207485628897
"7898030",1.41709692461668e-11,0.180908018446469,9.74082987118868e-09,0.00622484368322244,0.812867128115308
"7898048",1.31096272786994e-11,0.0634157119018548,5.95529883209658e-09,0.00503645637016978,0.931547825759567
"7898052",1.27944983830199e-11,0.180899514637438,9.69848943917667e-09,0.0063196527642693,0.812780822887009
"7898057",9.12330769154441e-12,0.23102676192844,1.93173505909796e-10,0.000352056255617938,0.768621181613646
"7898070",3.9064169966454e-11,0.372663046953682,2.32734804437947e-11,0.000156895601266135,0.627180057382714
"7898084",2.4076174801898e-11,0.348240566275568,6.35603586156806e-12,0.00538075190388114,0.646378681790119
"7898102",1.14714159703468e-12,0,0,2.28436287702612e-06,0.999997715635976
"7898115",4.97376826885979e-11,0.0572459969090872,1.45850944174672e-10,0.00114788326725039,0.941606119628074
"7898124",3.18473201812022e-11,0,1.02491686402963e-11,7.08946550008643e-06,0.999992910492403
"7898161",3.80620521043754e-11,0.272078473569974,1.4807728488489e-09,0.0517116293739997,0.676209895537192
"7898167",3.11645258662741e-13,0.141283451854054,0,0.000119187385842614,0.858597360759792
"7898176",6.97986566473211e-13,0.00671194735708112,0,0.000271511250137995,0.993016541392083
"7898184",3.58309810188875e-13,0.166109523611474,0,0.00323191534062595,0.830658561047542
"7898192",1.28227439893462e-11,0.341357764577308,7.51796142545856e-09,0.000940895222274659,0.657701332669633
"7898211",1.29176718293413e-11,0.29404110750705,7.79103294465081e-09,0.000646137976592154,0.705312746712407
"7898227",1.26985541331062e-13,0.199426515805434,0,0.0066377162689837,0.793935767925456
"7898249",9.31434538621611e-12,0,7.74857077241357e-09,0.00703741133345539,0.992962580908659
"7898256",4.85294809968285e-11,0.175615306247812,3.3518172824026e-11,0.000146104373425457,0.824238589296715
"7898263",1.9704411078593e-11,0.177109316605298,9.65942698760063e-09,0.000872153778739922,0.82201851993683
"7898278",2.05684296725398e-11,0.382588548458112,4.52747473376383e-11,0.000411549197566868,0.616999902278478
"7898296",2.82034707312944e-11,0.311414843540798,8.80404548248715e-12,0.00225170123906608,0.686333455183128
"7898300",4.02739331322637e-11,0.161396084295473,4.82438070688466e-11,0.00171312178089465,0.836890793835115
"7898314",3.68494653185001e-11,0.0744423868283818,1.07699967254472e-10,0.00226385812895713,0.923293754898112
"7898328",1.47902387360531e-11,0.223709712303342,9.17713417038399e-09,0.00103905040964922,0.775251228095084
"7898337",4.66831519130327e-11,0.0837270841948664,2.89208672908863e-12,0.00412969901982001,0.912143216735738
"7898350",1.0288479305519e-13,0.0306263586387855,9.78796640634035e-09,0.000145485512071713,0.969228146061073
"7898353",1.34254200694165e-11,0.0212945692239845,1.21923430092759e-08,0.00222292956543948,0.976482489004808
"7898357",1.29768886956245e-11,0.281532066112273,2.01931181330157e-11,0.00759047353100934,0.710877460323547
"7898371",1.23500961825677e-11,0,1.55364229510282e-08,0.000106021879815456,0.999893962571411
"7898375",2.45026944855979e-13,0.0832522707790134,0,0.00063752660620481,0.916110202614537
"7898377",2.68294231843044e-11,0.224512909693059,4.73451238441091e-11,0.000677042059512227,0.774810048173254
"7898407",1.60792237048342e-11,0.0795847406863748,7.38279256444185e-09,0.000202075927984234,0.920213175986769
"7898413",4.00965658455528e-11,0.0672362648986957,1.47958417283204e-11,7.63249449383721e-05,0.932687410101473
"7898431",2.00708221525764e-11,0.387773521179949,5.20170561792629e-11,0.0019057714803534,0.61032070726761
"7898448",7.67786783381029e-13,0.103305185203877,5.99577906965771e-12,0.00536989535435534,0.891324919435004
"7898466",4.24729085951454e-11,0,6.55822359348207e-11,0.000144871632116963,0.999855128259828
"7898483",5.01532034046196e-11,0.115102590839672,1.6561479450687e-10,0.00220065608784623,0.882696752856714
"7898516",0,0.0367550889985773,0,0.00102664880592366,0.962218262195499
"7898521",3.48303350929844e-11,0.22219604352572,0,0.0101163534093192,0.76768760303013
"7898533",1.73982701929997e-11,0.539508556295586,9.76015926920564e-10,0.000440929930118069,0.460050512780882
"7898537",4.03677943235825e-11,0,2.47677043420655e-11,0.00024390067162774,0.999756099263237
"7898549",4.69164698108448e-11,0.144495352535693,2.11157328636066e-10,0.00313574218248332,0.85236890502375
"7898556",3.94522483149749e-11,0.0412593497460078,7.0663029077893e-11,0.000183702588713044,0.958556947555164
"7898568",1.11566297048944e-11,0.221071115093747,6.46124658405319e-09,0.00109790139831203,0.777830977035537
"7898574",2.98484874281964e-11,0.0782169961348223,2.54619446432146e-11,0.00246757486997543,0.919315428939892
"7898582",4.13741272852818e-11,0.431349308531374,1.0479928984045e-09,0.0157004285358531,0.552950261843406
"7898585",1.1556095300749e-11,0.259040503128832,2.65794786597835e-11,0.0382637127498458,0.702695784083186
"7898594",2.17125916015349e-11,0.279871499155361,4.55229193910578e-11,0.0052947217509071,0.714833779026496
"7898602",2.13340974334568e-13,0,0,0.00339797511126965,0.996602024888517
"7898609",1.42065604684358e-11,0,1.14825261124029e-08,0.00239409028223481,0.997605898221032
"7898616",3.77884779070773e-11,0,5.0469185113115e-12,0.000435439707064054,0.999564560250101
"7898623",1.53531249407119e-11,0.488175208478912,8.24985999262985e-12,0.00533489000497419,0.506489901492511
"7898627",1.87213188895789e-12,0,6.28113565339682e-12,0.00324064151613494,0.996759358475712
"7898653",4.09007012930728e-11,0.307293818330402,1.4525745606518e-09,0.000294126181122383,0.692412053995
"7898655",2.99968266225572e-11,0.0726347236619046,2.13859872981168e-11,0.00285148130731166,0.924513794979401
"7898663",5.00682010424487e-11,0.04381897503125,3.65537904130266e-10,0.000104800107466399,0.956076224445678
"7898677",2.81172311142836e-11,0.247588908995297,6.06986361019519e-11,0.00492497130780289,0.747486119608084
"7898679",2.03637458879882e-11,0,1.60236766536913e-08,0.0103555714546382,0.989644412501322
"7898693",1.18129584371819e-11,0,7.64796144634115e-11,0.0042820512794176,0.99571794863229
"7898707",2.43292954460809e-11,0.339617065412948,1.97060472157541e-11,0.00477001097064148,0.655612923572376
"7898713",2.64878018916589e-11,0.197645692125166,1.71614253383592e-10,0.000205776622290012,0.802148531054442
"7898725",3.72721456582985e-11,0.318463843099196,2.57307055845827e-10,0.00513036096403559,0.676405795642189
"7898736",5.34043864761439e-12,0.621728270755983,1.93121004674054e-11,0.00674817582146906,0.371523553397896
"7898739",2.3719447040786e-13,0.15944985911342,0,3.09043246219886e-06,0.84054705045388
"7898750",2.57978748398957e-11,0.259648971425331,8.95147415711908e-12,0.000180804636720307,0.7401702239032
"7898773",2.8104450703495e-11,0,1.76601202168822e-11,0.000856476185148073,0.999143523769087
"7898793",3.5836045300239e-11,0,8.89878227984752e-12,0.000233268455238786,0.999766731500026
"7898799",4.41357975566314e-11,0.136082778815622,1.82708634925957e-10,0.000141349924249946,0.863775871033284
"7898805",1.50491579711084e-11,0.15943375844944,1.05114941350567e-08,4.87992553303778e-06,0.840561351098484
"7898809",1.43187735136906e-11,0.237496745141496,8.82265413182061e-09,7.55476042609305e-05,0.76242769841727
"7898833",1.38307111398928e-11,0.121769585901068,1.1758022761851e-08,0.0130620999855024,0.865168302341576
"7898858",5.16834790542589e-11,0.430932759770297,1.93459712590069e-11,0.00188381032236047,0.567183429836313
"7898869",2.9541580278949e-11,0.364829279198033,2.30881402442192e-10,0.00363499985252903,0.631535720689015
"7898875",1.94562952896006e-13,0.000740767450631159,0,0.00417081645278896,0.995088416096385
"7898881",1.4429727700165e-11,0.255616165290531,7.20897646431811e-09,0.00248639597601871,0.741897431510044
"7898894",3.11939575647795e-11,0.108370764039362,1.55583038071994e-10,8.06205520826792e-06,0.891621173718653
"7898902",2.83460728812552e-11,0.305065960829335,8.73501330765242e-12,0.00352707896034553,0.691406960173238
"7898910",2.73590629363044e-11,0.356961492538431,1.3515563827472e-09,0.000485694036794593,0.642552812045859
"7898916",3.39278265529663e-11,0.279141944416108,2.69822837499896e-10,0.00575225884138395,0.715105796438758
"7898939",1.62382081407392e-11,0.382393551659551,1.63124870313787e-10,0.00616461619843807,0.611441831962648
"7898957",2.65388246412617e-11,0.0763178924658827,9.62340149506271e-13,0.0328692843907536,0.890812823115863
"7898967",2.81776401341626e-11,0.330028193376738,1.49100374983841e-09,2.75871376860721e-06,0.669969046390312
"7898975",3.98595470334426e-11,0.0190309207512087,1.68693834915713e-11,0.000900481671258423,0.980068597520804
"7898988",3.5811992219589e-11,0,3.20241081793044e-12,0.00465834281608611,0.9953416571449
"7898998",3.99811146124568e-11,0.0941509964091242,7.23576583309069e-11,1.3296517390474e-06,0.905847673826798
"7899005",1.14952313296126e-11,0.105202139489025,5.1164763949488e-09,0.0339127214487057,0.860885133934298
"7899016",2.9260081283494e-13,0.229265112561286,0,0.000906669144512913,0.769828218293908
"7899018",1.95992566842655e-11,0.35899007736506,8.69175672968811e-13,0.00211120429194623,0.638898718322525
"7899023",1.48486137860834e-11,0.0818393774948402,1.60229869569897e-11,0.025665416156544,0.892495206317744
"7899029",4.80854596681026e-11,0.0057779358616013,1.83381839555517e-12,0.0236175938498047,0.970604470238675
"7899043",1.64642798978586e-11,0.259248198857245,9.98200895608707e-09,0.000287483075095879,0.740464308069186
"7899057",1.58689028647106e-11,0.160476566640212,1.11362238183632e-08,0.00108814898487471,0.838435273222821
"7899075",5.06928166264705e-13,0.112053516634356,0,0.0029736618749928,0.884972821490144
"7899087",1.6553378639574e-11,0.156920316695815,1.14439336592223e-08,5.04200945214491e-06,0.843074629834246
"7899093",3.24067080047286e-11,0.32550773424998,4.28139169417283e-10,0.00266778025504359,0.67182448503443
"7899096",3.29893870555893e-11,0.222561650563808,3.0502055426009e-16,0.000391607408270319,0.777046741994933
"7899101",2.53640954407615e-12,0.182113668328413,8.17045203702792e-10,2.24360717687855e-05,0.817863894780236
"7899124",8.44250607404629e-12,0.250875684378616,3.98933411906464e-09,0.00189693143093601,0.747227380192671
"7899134",3.20852925854515e-11,0.173853782115578,1.26455572008642e-10,0.00104862193194846,0.825097595793933
"7899153",2.43012703890594e-13,0.121805376190458,0,0.0205977811985485,0.85759684261075
"7899160",3.97971214337396e-11,0.300665907826987,1.54794151971134e-09,0.000682961325945403,0.698651129259329
"7899167",4.24125567806936e-11,0,1.42548666036326e-11,0.00183108270849658,0.998168917234836
"7899173",4.2334243183903e-11,0.22015954788668,0,0.00343942874407711,0.776401023326909
"7899187",7.50151162260737e-12,0.220862492577204,9.34604513425768e-09,7.22279464741577e-06,0.779130275274602
"7899192",1.06926721678562e-11,0.249610120316761,1.57148429355283e-10,0.00608644316872236,0.744303436346676
"7899220",2.87045658668906e-11,0.154437786764575,8.64909555068182e-11,0.00081480703283658,0.844747406087393
"7899244",1.33945714323806e-11,0.210593245255806,9.11100956832493e-09,0.0112902110322473,0.778116534587543
"7899253",4.61450140680988e-11,0.118877922590297,1.36428177347507e-10,0.0356519563535821,0.845470120873547
"7899265",2.21528969011423e-11,0.275350103633359,1.99218604469802e-10,6.53200984676145e-05,0.724584576046802
"7899273",3.02567188996267e-11,0.104207520819986,2.77368469207637e-10,4.47411739268588e-05,0.895747737698462
"7899284",4.07966022937213e-11,0.227408926822111,4.19851146017842e-11,4.84188722653337e-05,0.772542654222842
"7899289",1.71384238454229e-11,0.187113413241517,8.32746785024932e-09,0.0104770810012624,0.802409497412614
"7899310",5.88195974846228e-13,0.0971138351063953,0,0.000553518136002759,0.902332646757014
"7899323",3.18657611606845e-11,0.206976306828511,2.99077519809463e-11,0.000935351176200973,0.792088341933515
"7899343",2.61943526102317e-11,0.200615362263782,1.53072495536426e-10,6.14680728293244e-05,0.799323169484122
"7899346",1.19656547415839e-11,0.24984589910873,9.33771695798369e-09,8.2117575120152e-05,0.750071973966467
"7899350",1.11388474004787e-11,0.126912475088149,1.02417913534007e-08,0.000551113394402384,0.872536401264519
"7899361",3.96143266610157e-11,0.428189295032905,3.38994709525545e-10,0.00876894683894672,0.56304175774954
"7899377",1.09694165379538e-11,0.178739914844434,9.40499104681953e-09,0.000553155089897655,0.820706920649708
"7899394",4.37656371612184e-12,0.693022203044811,1.33983996884681e-11,0.000714782292724917,0.306263014644689
"7899407",1.18893254702148e-11,0,7.8372527113402e-11,0.00038650104873823,0.999613498861
"7899417",1.80235319357083e-13,0.122106711890858,0,8.8096534635505e-07,0.877892407143615
"7899424",4.32800789169272e-11,0.195072018072778,1.14860242236686e-13,0.00687086709621631,0.79805711478761
"7899436",2.42711078111924e-11,0.346641763295112,4.73994231667942e-10,0.00160843140572652,0.651749804800896
"7899448",4.06129133701214e-11,0.159121411212406,2.1790010800099e-11,1.70324553132892e-06,0.84087688547966
"7899455",3.48478210911971e-11,0.285968829177666,5.71595850312296e-11,0.00282733959284625,0.711203831137481
"7899462",3.83198754014358e-10,0.0613271467446517,3.64822812137303e-12,0.000276758220025393,0.938396094648476
"7899486",4.34690578191761e-11,0,1.26074029573387e-11,4.31396019552688e-06,0.999995685983728
"7899499",3.56775708032175e-11,0.103233705046008,1.71067447492204e-11,0.000455417012121053,0.896310877889087
"7899502",1.26139597720855e-11,0.13178465149075,4.49803717552068e-09,0.00597410185615678,0.862241242142442
"7899504",2.22329157981317e-11,0.238484240861825,9.09028473960802e-09,0.0035968085958285,0.757918941429829
"7899519",4.4411187805388e-11,0.0912460797580386,5.08999477891037e-11,0.00263070210328248,0.906123218043368
"7899528",8.5179143747757e-12,0.248180269895996,4.46147468618579e-09,0.00166772381907402,0.750152001814937
"7899534",3.93131177229165e-11,0.405075968338263,2.50780128181425e-11,0.0199040598471381,0.575019971750208
"7899562",4.22919696448263e-11,0.228104583256311,1.67801735354179e-14,0.000730621449971214,0.771164795251409
"7899595",3.73324643558379e-11,0.0899963110150089,8.0435153239111e-11,0.0174605588768376,0.892543129990386
"7899602",3.67306931390688e-11,0,6.36711895479936e-12,0.00159442464887454,0.998405575308028
"7899604",4.88521174383237e-11,0.0791924292052759,5.19438350014714e-11,0.000270515148115812,0.920537055545812
"7899615",1.40952143684325e-11,0.278522947502493,8.56765474747349e-09,0.000542455903130974,0.720934588012626
"7899627",5.07874219671272e-11,0.191176547696915,3.94476989783811e-11,0.00244084003099017,0.80638261218186
"7899643",3.37269322482032e-11,0,2.21699226806448e-11,0.00134010510792418,0.998659894836179
"7899654",1.13079440320318e-11,0.289315168518113,1.17625663747721e-09,0.000256445972105953,0.710428384322217
"7899675",1.18002440029032e-11,0.226894079932679,7.1626363047236e-09,0.00842178747975295,0.764684125413132
"7899688",4.19389257647768e-11,0.278916368581803,6.12938396174366e-11,0.00329622687407893,0.717787404440885
"7899703",4.65315921402253e-11,0.183596570069619,1.15915143351567e-10,2.8744372293487e-06,0.816400555330705
"7899719",3.11806904080918e-11,0,1.01714545388658e-11,0.00196160758873303,0.998038392369915
"7899727",1.82191246026844e-11,0.033032812754268,9.95775600744337e-09,0.0142844331322683,0.952682744137489
"7899737",3.81320775048067e-11,0.205460768865723,3.68928046037757e-12,6.08221020915068e-05,0.794478408990364
"7899750",5.14701584089564e-14,0.0655478729007515,0,0.00349659404528301,0.930955533053914
"7899753",2.01876695249813e-11,0.0814622528119774,1.62353845855189e-11,0.0194761945614171,0.899061552590182
"7899774",3.76655471921484e-11,0.337076657064488,4.46786595454896e-10,0.00196108198180803,0.660962260469251
"7899790",4.20330829015881e-11,0,6.33037344566091e-11,0.00866035323214829,0.991339646662515
"7899797",3.86124063563781e-13,0.0808348040136699,0,0.00621779641390328,0.912947399572041
"7899813",1.14666367522307e-11,0.321629962197229,7.7018349533516e-09,0.000785838903318798,0.677584191186151
"7899821",4.34045292418551e-11,0.081774595227771,5.12138403461886e-11,0.000720129892249804,0.917505274785361
"7899829",3.09041421223096e-11,0.507847604237821,8.63646818845441e-10,0.00442209721098783,0.48773029765664
"7899841",2.87047177872669e-11,0.261888303801684,6.20283357904546e-11,1.69537455822152e-05,0.738094742362001
"7899851",1.34562379646041e-11,0.0965462174400902,1.20619927204392e-08,0.0673652131047933,0.836088557379668
"7899870",1.84494768154678e-11,0.194164448459931,1.18665536760004e-08,0.00488646110313581,0.80094907855193
"7899884",3.53394157821634e-11,0,9.19180705481188e-12,0.000248566341047364,0.999751433614421
"7899898",2.93591056925957e-11,0.0998050500157506,3.57246832321583e-11,0.00360548593202045,0.896589463987145
"7899905",3.16780006141517e-11,0.258681783090217,8.8384698738143e-12,0.00505715621447048,0.736261060654796
"7899911",7.79631010868847e-13,0.00567606892079275,0,0.00183318555580069,0.992490745522627
"7899921",4.23694724205972e-11,0.315046817226176,2.13279785595231e-09,0.000181876470769466,0.684771304127888
"7899927",1.66697588740308e-12,0,4.6391066221876e-12,0.00067398786757534,0.999326012126118
"7899932",2.95247099539812e-11,0.0923989019674595,1.07004714960476e-11,2.95048209512844e-05,0.907571593171364
"7899939",5.44357518557526e-11,0.0514463887006477,2.70711840288363e-12,0.00172522340458606,0.946828387837623
"7899943",1.12095139401496e-11,0.290401277296217,1.14453356589866e-09,0.0018568386802515,0.707741882867788
"7899957",7.61125451371046e-12,0.55369785903525,4.78268922110471e-09,5.02141728258118e-06,0.446297114757167
"7899990",3.22682439841992e-11,0.261630446374336,6.76807364522871e-11,0.00706764024831193,0.731301913277403
"7900001",1.84742079263087e-11,0.257233235288039,1.66826079382055e-10,0.00154191951560883,0.741224845011052
"7900009",6.5860221128593e-12,0.371504557975868,1.03099698291968e-09,0.040766843533578,0.587728597452971
"7900030",1.98887652524516e-13,0.144646360815179,0,0.00424934621683544,0.851104292967786
"7900051",1.42991026546452e-11,0.366923898403044,2.94112781825256e-10,0.000970485293165476,0.632105615995379
"7900076",2.50003833605139e-11,0.350723797892561,7.41467598670513e-12,5.68028372314748e-07,0.649275634046652
"7900087",3.54612573371219e-11,0.140244892286567,4.83182768537124e-11,0.000682998305337031,0.859072109324317
"7900095",2.78561816923662e-11,0.204316225951763,1.16133130005975e-11,0.000848277297109094,0.794835496711659
"7900119",2.39596826842433e-11,0.266954857229495,1.46425799768341e-10,0.00230779121933348,0.730737351380786
"7900129",4.88656238042237e-13,0.200258006502662,0,0.000399088191199229,0.79934290530565
"7900146",3.09557164564325e-13,0.0860573184943492,0,0.0261922847126486,0.887750396792693
"7900157",2.18991545228237e-11,0.0299522309474298,1.1772520591576e-08,0.00236839321189133,0.967679364046259
"7900159",1.96835313310779e-11,0.156691781083871,6.42614581039638e-09,0.00521056721255331,0.838097645257747
"7900167",1.39441959205139e-11,0.222769566050029,6.64539220483888e-09,0.000521612716542268,0.776708814574092
"7900183",3.64718257483234e-11,0,9.88869224370845e-12,0.0187841964552896,0.98121580349835
"7900192",4.09099239473168e-11,0,1.4073163681167e-11,0.00181168791647844,0.998188312028539
"7900201",9.59737663312219e-12,0.258129054804365,9.78115389496824e-11,0.00893272702656957,0.732938218061657
"7900216",1.16862762605603e-11,0.193968242338294,1.11407063650545e-08,1.77357042581682e-06,0.806029972938888
"7900228",6.68538257722167e-13,0.00446873682631685,0,0.00317333640202045,0.992357926770994
"7900235",1.21248878407779e-11,0.372022752227425,1.78401018701876e-10,0.0223944751571689,0.60558277242488
"7900336",2.74321058310348e-11,0.303816230354524,3.86044320327419e-10,0.00928437673291017,0.686899392499089
"7900340",1.06092286706589e-11,0.326289215332123,1.08557088142726e-09,0.000636107623057163,0.67307467594864
"7900352",4.68674447232977e-11,0.185945772471495,3.22921696369207e-11,0.0019468229939296,0.812107404455416
"7900354",1.29360687083279e-13,0.165176549048352,0,0.000165607994981176,0.834657842956538
"7900365",1.11905074910929e-11,0.197925277917572,5.6782492765148e-09,0.00659183002150293,0.795482886371485
"7900382",1.92549052711751e-11,0.424444023815752,1.94159353503702e-11,0.00024780252820082,0.575308173617376
"7900395",2.65485301009469e-11,0.329441514062533,4.2408073224937e-11,0.00253593574769273,0.668022550120818
"7900409",5.59789211547682e-14,0.0676493721119575,0,0.00614664450114665,0.92620398338684
"7900413",8.4162923724621e-12,0.402019801103023,1.01879267819686e-09,0.0128109911143252,0.585169206755443
"7900426",2.37078086518163e-11,0.460318821008345,1.56915947108142e-11,0.0529696381548464,0.48671154079741
"7900438",9.06208126446448e-12,0.394785871892895,6.96073078494023e-09,0.00532739043584455,0.599886730701467
"7900446",1.3020222632906e-11,0,1.62514626383144e-08,7.50098429010924e-05,0.999924973892616
"7900454",2.34285489095892e-13,0.0921424932437674,0,0.00233359132503694,0.905523915430961
"7900461",3.29447463027116e-11,0.293873788124123,1.56165084492491e-09,4.11960221139854e-05,0.706085014259167
"7900468",2.52220666150822e-11,0.23925685452494,9.55102322284813e-11,0.000585600227419838,0.760157545126908
"7900488",2.98571687439606e-11,0.170624094050722,4.52939521736685e-11,0.0113000505432847,0.818075855330842
"7900490",4.12064453385869e-11,0.0432044159719418,4.71661792948169e-11,0.000348140349880856,0.956447443589805
"7900492",4.59561550263303e-11,0.0361240167679404,2.20766827984849e-11,2.92861683083296e-07,0.963875690302344
"7900510",1.19321891387876e-11,0.268727655023598,9.1016333446042e-09,0.00344976116197469,0.727822574700862
"7900531",5.62831984870544e-11,0.142970922828928,2.92819407429916e-10,0.000856086453633793,0.856172990368336
"7900540",2.21851743376602e-11,0.28695875525754,7.01341792120766e-12,0.000225488020291527,0.71281575669297
"7900546",9.4103235406993e-12,0.125591142576578,4.82816472701711e-09,0.00333887225379277,0.871069980332054
"7900555",4.02967494555558e-11,0.307272923417999,2.63346384589036e-10,0.000647157196195163,0.692079919082163
"7900576",4.34990099637427e-11,0.171818436511653,2.07394591654134e-10,0.00152024128029672,0.826661321957157
"7900585",1.83548429796576e-11,0,1.20155992536044e-08,0.0022377083758007,0.997762279590245
"7900597",4.41362021480276e-11,0.181050582954692,1.27526738878437e-10,0.0027456215186182,0.816203795355027
"7900603",3.79258304709534e-11,0.0907497994150448,2.17278760011593e-10,0.000179971173960417,0.90907022915579
"7900609",5.45591491892554e-11,0.125678267466943,1.03016317807322e-10,0.00375955981386394,0.870562172561617
"7900624",3.98968277976024e-11,0.151412057769107,1.25701786565727e-10,0.00299998509038261,0.845587956974912
"7900635",1.44855036087372e-11,0.299356443455462,1.04153217773534e-10,0.00345550842704146,0.697188047998858
"7900639",1.12788890579202e-11,0.208635537387656,9.73358601981631e-09,0.00658417222971312,0.784780280637766
"7900654",2.7810124135868e-11,0.257307920344393,1.36458614779716e-10,0.000194372605275188,0.742497706886062
"7900658",3.16832360673458e-11,0.309646362496375,6.4096391944614e-10,0.000214562764495738,0.690139074066482
"7900683",7.07447036038803e-13,0.134190724003007,0,0.00409914971267221,0.861710126283613
"7900699",2.81062783751523e-11,0.300368354544947,9.16561416180021e-12,3.82409717864348e-07,0.699631263008064
"7900710",8.74585939891735e-12,0.208839260491811,6.00824953334562e-09,0.0108949129425787,0.780265820548614
"7900792",5.84987652707877e-14,0.0260808394051993,0,0.00456956754722224,0.96934959304752
"7900833",1.76300586884997e-11,0.0957372101780838,9.66892010808569e-09,0.00319640187923768,0.901066378256128
"7900857",3.61511771541211e-11,0.0958500573461161,1.02589340196711e-11,0.0094272331865524,0.894722709420921
"7900878",1.08034033134563e-11,0.394420316520796,3.12754640531569e-10,0.000113427208310041,0.605466255947335
"7900888",2.79284330768376e-11,0.35327801782362,1.24149647184805e-09,0.000891918379160123,0.645830062527795
"7900911",6.78243623913883e-14,0.0586691233809134,0,0.00990271376156025,0.931428162857458
"7900922",4.76565046989148e-11,0.0411217497617113,2.09594754243449e-10,0.0029219115058473,0.95595633847519
"7900931",3.73360963796733e-13,0.170416261562932,0,0.0051088584734546,0.82447487996324
"7900944",2.76317882938034e-11,0.276075569648338,1.75287527235966e-11,0.00229812386619215,0.72162630644031
"7900957",1.99009949176395e-11,0.37761902316643,3.68905840843616e-10,0.000708682503536031,0.621672293941227
"7900962",6.77263220970034e-13,0.0484799957204634,0,0.00200900942940147,0.949510994849458
"7900979",2.83280658412537e-11,0.237772911740357,1.29086147788843e-11,0.000824079604025889,0.761403008614381
"7900999",2.20920648631829e-11,0.280510341011987,2.24079255036288e-09,0.00711738099485066,0.712372275730278
"7901010",2.54261036328392e-11,0.243442603527014,1.15796421918526e-11,0.00160740355724641,0.754949992878733
"7901038",1.43526126453719e-11,0,1.13224085500779e-08,0.00934799824685768,0.990651990416381
"7901046",3.98868849873468e-11,0.0112127505222799,1.10897642202461e-11,0.00852920581944117,0.980258043607302
"7901048",4.40906529433581e-11,0.113731480327049,1.63142927737482e-10,0.0037798645415455,0.882488654924172
"7901050",3.16792818941209e-11,0,3.49701294683863e-11,0.00587859333467641,0.994121406598674
"7901054",2.73440426424661e-11,0.116817284076874,2.2805597685781e-11,0.00421571907189147,0.878966996801085
"7901073",9.18581414870956e-12,0.166585301474679,5.21254848486823e-09,0.00319564324428368,0.830219050059303
"7901087",3.87011998699295e-11,0.0760521736743084,7.58943397144102e-11,0.000832636814333359,0.923115189396763
"7901091",3.82840052899209e-11,0.183953395144855,1.39803349895187e-10,0.000697966056476237,0.815348638620581
"7901102",3.26897443710423e-11,0.222248190096669,1.59050045588343e-10,0.0254098739460195,0.752341935765572
"7901110",4.25514137969687e-11,0,6.81634870713315e-11,0.000468296444200505,0.999531703445085
"7901123",4.0356308835781e-11,0.291162258488701,1.51594066771414e-09,1.48290338544175e-06,0.708836257051617
"7901135",3.79536943411674e-12,0.15683588736933,0,0.000279622770363251,0.842884489856512
"7901140",1.09339620558677e-11,0,1.62027630680616e-08,0.0185936879147493,0.981406295871554
"7901175",2.09080523554971e-14,0.0271371882927652,0,0.00301661693224655,0.969846194774967
"7901187",1.40405673029361e-11,0.255554276207108,8.55415567285219e-09,0.00164668788395095,0.742799027340744
"7901192",4.91798218235981e-11,0.137172296049975,1.88896415099137e-10,6.82245533311362e-06,0.862820881256616
"7901212",9.89004348418177e-12,0.00485935550159829,6.72644777956407e-09,0.00041214633189516,0.994728491430169
"7901219",3.05083002221203e-11,0.351538795148882,1.31961689490747e-09,0.000660214402244543,0.647800989098748
"7901229",2.45906478360435e-11,0.372806522416118,6.29757660276514e-12,0.0216362533906975,0.605557224162296
"7901247",1.18919771635528e-11,0,7.88003168256469e-11,0.00138509067525901,0.998614909234049
"7901253",3.10918891009772e-11,0,1.0351602676861e-11,0.000196233698852408,0.999803766259704
"7901256",3.42604088330767e-11,0.0240887611031486,3.60932749272473e-12,0.000585357016898459,0.975325881842083
"7901272",1.68569024103341e-11,0.169783238856009,9.83167681816012e-09,0.00582638390258756,0.82439036739287
"7901287",4.33125399593067e-11,0,1.23050808211561e-11,1.98448662187184e-06,0.99999801545776
"7901293",3.85793439963847e-11,0,1.15668793982112e-11,0.006558380603843,0.993441619346011
"7901299",2.90201784001407e-11,0.411573392878286,1.03994865253386e-09,0.00125102025767574,0.587175585795069
"7901309",3.33526042579395e-11,0.273490139513373,2.79811731400168e-11,3.98599999802601e-05,0.726470000425313
"7901311",1.9514321867781e-11,0.316171941592795,6.45363949728938e-12,0.000800299464376405,0.683027758916861
"7901316",1.60329678587269e-11,0.0111484399976152,1.25400056641198e-08,0.000942120112439472,0.987909427333907
"7901336",3.96709076783618e-11,0.177966809516061,5.61793002218116e-12,0.0117251401723234,0.810308050266327
"7901342",9.12304736071552e-12,0.36630479087532,1.83648901308106e-10,0.0079598433905405,0.625735365541367
"7901363",1.99864617227647e-11,0.125875225158285,1.09301808835348e-08,4.26545030781947e-07,0.874124337346517
"7901376",3.56127690010622e-12,0.29510097413396,0,0.00162932953795246,0.703269696324526
"7901385",2.67478488168499e-11,0.338371270123208,1.00364683807168e-09,3.95597797568455e-05,0.66158916906664
"7901418",1.10523773470257e-11,0.420980213468261,1.15476525957976e-09,0.00186802320023749,0.577151762165684
"7901426",1.11805154658738e-11,0.248736756393706,7.89633271438645e-09,0.0442432431923898,0.707019992506391
"7901447",3.9759622170684e-11,0.281776457661183,1.40570281168085e-10,0.0034021880521651,0.714821354106322
"7901460",1.05946555510502e-11,0.384474330858548,7.22221003789206e-09,0.000328376108518848,0.615197285800128
"7901466",2.29259136465917e-11,0.218196518876689,7.52826428038294e-09,0.0183524448414898,0.763451028730631
"7901479",1.02139718212926e-11,0.416094557233068,7.28240060710242e-09,0.000492902291428657,0.583412533182889
"7901497",3.24092057421719e-11,0,7.63399177811576e-12,0.00141091316556444,0.998589086794392
"7901513",1.08990556067043e-11,0.314293658793344,1.11503348139286e-09,0.000917935858880569,0.684788404221843
